aa1,90,80,70,1,1,1
aa1,50,70,80,1,2,1
aa1,97,83,71,2,1,2
aa1,50,55,82,2,2,2
aa1,97,89,33,3,1,2
aa1,52,40,10,3,2,2
aa2,80,44,75,1,1,2
aa2,24,20,55,1,2,2
aa2,98,90,41,2,1,1
aa2,100,45,32,2,2,1
aa2,97,59,55,3,1,1
aa2,72,90,55,3,2,1
ababchu,80,91,70,1,1,1
ababchu,71,86,100,1,2,1
ababchu,66,56,90,2,1,1
ababchu,100,59,68,2,2,1
ababchu,85,30,77,3,1,1
ababchu,95,87,62,3,2,1
yipe492,85,64,95,1,1,2
yipe492,66,52,80,1,2,2
yipe492,87,50,100,2,1,2
yipe492,60,55,40,2,2,2
yipe492,99,100,100,3,1,2
yipe492,100,100,100,3,2,2
pride1618,90,95,95,1,1,1
pride1618,70,75,60,1,2,1
pride1618,85,85,70,2,1,1
pride1618,70,90,90,2,2,1
pride1618,80,95,60,3,1,1
pride1618,95,85,50,3,2,1
writer,95,95,80,1,1,1
writer,90,85,75,1,2,1
writer,60,85,75,2,1,2
writer,40,90,80,2,2,2
writer,80,90,90,3,1,2
writer,80,90,75,3,2,2
spirng,85,53,47,1,1,2
spirng,96,25,85,1,2,2
spirng,84,46,23,2,1,1
spirng,70,84,45,2,2,1
spirng,95,33,86,3,1,2
spirng,64,52,96,3,2,2
winter,25,75,33,1,1,2
winter,53,34,53,1,2,2
winter,46,96,75,2,1,2
winter,60,40,84,2,2,2
winter,12,99,34,3,1,1
winter,50,75,62,3,2,1
summer,45,46,65,1,1,2
summer,73,78,43,1,2,2
summer,16,23,75,2,1,1
summer,36,63,85,2,2,1
summer,86,47,35,3,1,1
summer,44,77,64,3,2,1
fall,35,45,58,1,1,1
fall,62,86,68,1,2,1
fall,23,43,98,2,1,2
fall,78,65,43,2,2,2
fall,54,94,25,3,1,2
fall,32,22,36,3,2,2